000_s001 100 (512,512,3)
000_s002 100 (512,512,3)
000_s003 100 (512,512,3)
000_s004 100 (512,512,3)
000_s005 100 (512,512,3)
000_s006 100 (512,512,3)
000_s007 100 (512,512,3)
000_s008 100 (512,512,3)
001_s001 100 (512,512,3)
001_s002 100 (512,512,3)
001_s003 100 (512,512,3)
001_s004 100 (512,512,3)
001_s005 100 (512,512,3)
001_s006 100 (512,512,3)
001_s007 100 (512,512,3)
001_s008 100 (512,512,3)
002_s001 100 (512,512,3)
002_s002 100 (512,512,3)
002_s003 100 (512,512,3)
002_s004 100 (512,512,3)
002_s005 100 (512,512,3)
002_s006 100 (512,512,3)
002_s007 100 (512,512,3)
002_s008 100 (512,512,3)
003_s001 100 (512,512,3)
003_s002 100 (512,512,3)
003_s003 100 (512,512,3)
003_s004 100 (512,512,3)
003_s005 100 (512,512,3)
003_s006 100 (512,512,3)
003_s007 100 (512,512,3)
003_s008 100 (512,512,3)
004_s001 100 (512,512,3)
004_s002 100 (512,512,3)
004_s003 100 (512,512,3)
004_s004 100 (512,512,3)
004_s005 100 (512,512,3)
004_s006 100 (512,512,3)
004_s007 100 (512,512,3)
004_s008 100 (512,512,3)
005_s001 100 (512,512,3)
005_s002 100 (512,512,3)
005_s003 100 (512,512,3)
005_s004 100 (512,512,3)
005_s005 100 (512,512,3)
005_s006 100 (512,512,3)
005_s007 100 (512,512,3)
005_s008 100 (512,512,3)
006_s001 100 (512,512,3)
006_s002 100 (512,512,3)
006_s003 100 (512,512,3)
006_s004 100 (512,512,3)
006_s005 100 (512,512,3)
006_s006 100 (512,512,3)
006_s007 100 (512,512,3)
006_s008 100 (512,512,3)
007_s001 100 (512,512,3)
007_s002 100 (512,512,3)
007_s003 100 (512,512,3)
007_s004 100 (512,512,3)
007_s005 100 (512,512,3)
007_s006 100 (512,512,3)
007_s007 100 (512,512,3)
007_s008 100 (512,512,3)
008_s001 100 (512,512,3)
008_s002 100 (512,512,3)
008_s003 100 (512,512,3)
008_s004 100 (512,512,3)
008_s005 100 (512,512,3)
008_s006 100 (512,512,3)
008_s007 100 (512,512,3)
008_s008 100 (512,512,3)
009_s001 100 (512,512,3)
009_s002 100 (512,512,3)
009_s003 100 (512,512,3)
009_s004 100 (512,512,3)
009_s005 100 (512,512,3)
009_s006 100 (512,512,3)
009_s007 100 (512,512,3)
009_s008 100 (512,512,3)
010_s001 100 (512,512,3)
010_s002 100 (512,512,3)
010_s003 100 (512,512,3)
010_s004 100 (512,512,3)
010_s005 100 (512,512,3)
010_s006 100 (512,512,3)
010_s007 100 (512,512,3)
010_s008 100 (512,512,3)
011_s001 100 (512,512,3)
011_s002 100 (512,512,3)
011_s003 100 (512,512,3)
011_s004 100 (512,512,3)
011_s005 100 (512,512,3)
011_s006 100 (512,512,3)
011_s007 100 (512,512,3)
011_s008 100 (512,512,3)
012_s001 100 (512,512,3)
012_s002 100 (512,512,3)
012_s003 100 (512,512,3)
012_s004 100 (512,512,3)
012_s005 100 (512,512,3)
012_s006 100 (512,512,3)
012_s007 100 (512,512,3)
012_s008 100 (512,512,3)
013_s001 100 (512,512,3)
013_s002 100 (512,512,3)
013_s003 100 (512,512,3)
013_s004 100 (512,512,3)
013_s005 100 (512,512,3)
013_s006 100 (512,512,3)
013_s007 100 (512,512,3)
013_s008 100 (512,512,3)
014_s001 100 (512,512,3)
014_s002 100 (512,512,3)
014_s003 100 (512,512,3)
014_s004 100 (512,512,3)
014_s005 100 (512,512,3)
014_s006 100 (512,512,3)
014_s007 100 (512,512,3)
014_s008 100 (512,512,3)
015_s001 100 (512,512,3)
015_s002 100 (512,512,3)
015_s003 100 (512,512,3)
015_s004 100 (512,512,3)
015_s005 100 (512,512,3)
015_s006 100 (512,512,3)
015_s007 100 (512,512,3)
015_s008 100 (512,512,3)
016_s001 100 (512,512,3)
016_s002 100 (512,512,3)
016_s003 100 (512,512,3)
016_s004 100 (512,512,3)
016_s005 100 (512,512,3)
016_s006 100 (512,512,3)
016_s007 100 (512,512,3)
016_s008 100 (512,512,3)
017_s001 100 (512,512,3)
017_s002 100 (512,512,3)
017_s003 100 (512,512,3)
017_s004 100 (512,512,3)
017_s005 100 (512,512,3)
017_s006 100 (512,512,3)
017_s007 100 (512,512,3)
017_s008 100 (512,512,3)
018_s001 100 (512,512,3)
018_s002 100 (512,512,3)
018_s003 100 (512,512,3)
018_s004 100 (512,512,3)
018_s005 100 (512,512,3)
018_s006 100 (512,512,3)
018_s007 100 (512,512,3)
018_s008 100 (512,512,3)
019_s001 100 (512,512,3)
019_s002 100 (512,512,3)
019_s003 100 (512,512,3)
019_s004 100 (512,512,3)
019_s005 100 (512,512,3)
019_s006 100 (512,512,3)
019_s007 100 (512,512,3)
019_s008 100 (512,512,3)
020_s001 100 (512,512,3)
020_s002 100 (512,512,3)
020_s003 100 (512,512,3)
020_s004 100 (512,512,3)
020_s005 100 (512,512,3)
020_s006 100 (512,512,3)
020_s007 100 (512,512,3)
020_s008 100 (512,512,3)
021_s001 100 (512,512,3)
021_s002 100 (512,512,3)
021_s003 100 (512,512,3)
021_s004 100 (512,512,3)
021_s005 100 (512,512,3)
021_s006 100 (512,512,3)
021_s007 100 (512,512,3)
021_s008 100 (512,512,3)
022_s001 100 (512,512,3)
022_s002 100 (512,512,3)
022_s003 100 (512,512,3)
022_s004 100 (512,512,3)
022_s005 100 (512,512,3)
022_s006 100 (512,512,3)
022_s007 100 (512,512,3)
022_s008 100 (512,512,3)
023_s001 100 (512,512,3)
023_s002 100 (512,512,3)
023_s003 100 (512,512,3)
023_s004 100 (512,512,3)
023_s005 100 (512,512,3)
023_s006 100 (512,512,3)
023_s007 100 (512,512,3)
023_s008 100 (512,512,3)
024_s001 100 (512,512,3)
024_s002 100 (512,512,3)
024_s003 100 (512,512,3)
024_s004 100 (512,512,3)
024_s005 100 (512,512,3)
024_s006 100 (512,512,3)
024_s007 100 (512,512,3)
024_s008 100 (512,512,3)
025_s001 100 (512,512,3)
025_s002 100 (512,512,3)
025_s003 100 (512,512,3)
025_s004 100 (512,512,3)
025_s005 100 (512,512,3)
025_s006 100 (512,512,3)
025_s007 100 (512,512,3)
025_s008 100 (512,512,3)
026_s001 100 (512,512,3)
026_s002 100 (512,512,3)
026_s003 100 (512,512,3)
026_s004 100 (512,512,3)
026_s005 100 (512,512,3)
026_s006 100 (512,512,3)
026_s007 100 (512,512,3)
026_s008 100 (512,512,3)
027_s001 100 (512,512,3)
027_s002 100 (512,512,3)
027_s003 100 (512,512,3)
027_s004 100 (512,512,3)
027_s005 100 (512,512,3)
027_s006 100 (512,512,3)
027_s007 100 (512,512,3)
027_s008 100 (512,512,3)
028_s001 100 (512,512,3)
028_s002 100 (512,512,3)
028_s003 100 (512,512,3)
028_s004 100 (512,512,3)
028_s005 100 (512,512,3)
028_s006 100 (512,512,3)
028_s007 100 (512,512,3)
028_s008 100 (512,512,3)
029_s001 100 (512,512,3)
029_s002 100 (512,512,3)
029_s003 100 (512,512,3)
029_s004 100 (512,512,3)
029_s005 100 (512,512,3)
029_s006 100 (512,512,3)
029_s007 100 (512,512,3)
029_s008 100 (512,512,3)
030_s001 100 (512,512,3)
030_s002 100 (512,512,3)
030_s003 100 (512,512,3)
030_s004 100 (512,512,3)
030_s005 100 (512,512,3)
030_s006 100 (512,512,3)
030_s007 100 (512,512,3)
030_s008 100 (512,512,3)
031_s001 100 (512,512,3)
031_s002 100 (512,512,3)
031_s003 100 (512,512,3)
031_s004 100 (512,512,3)
031_s005 100 (512,512,3)
031_s006 100 (512,512,3)
031_s007 100 (512,512,3)
031_s008 100 (512,512,3)
032_s001 100 (512,512,3)
032_s002 100 (512,512,3)
032_s003 100 (512,512,3)
032_s004 100 (512,512,3)
032_s005 100 (512,512,3)
032_s006 100 (512,512,3)
032_s007 100 (512,512,3)
032_s008 100 (512,512,3)
033_s001 100 (512,512,3)
033_s002 100 (512,512,3)
033_s003 100 (512,512,3)
033_s004 100 (512,512,3)
033_s005 100 (512,512,3)
033_s006 100 (512,512,3)
033_s007 100 (512,512,3)
033_s008 100 (512,512,3)
034_s001 100 (512,512,3)
034_s002 100 (512,512,3)
034_s003 100 (512,512,3)
034_s004 100 (512,512,3)
034_s005 100 (512,512,3)
034_s006 100 (512,512,3)
034_s007 100 (512,512,3)
034_s008 100 (512,512,3)
035_s001 100 (512,512,3)
035_s002 100 (512,512,3)
035_s003 100 (512,512,3)
035_s004 100 (512,512,3)
035_s005 100 (512,512,3)
035_s006 100 (512,512,3)
035_s007 100 (512,512,3)
035_s008 100 (512,512,3)
036_s001 100 (512,512,3)
036_s002 100 (512,512,3)
036_s003 100 (512,512,3)
036_s004 100 (512,512,3)
036_s005 100 (512,512,3)
036_s006 100 (512,512,3)
036_s007 100 (512,512,3)
036_s008 100 (512,512,3)
037_s001 100 (512,512,3)
037_s002 100 (512,512,3)
037_s003 100 (512,512,3)
037_s004 100 (512,512,3)
037_s005 100 (512,512,3)
037_s006 100 (512,512,3)
037_s007 100 (512,512,3)
037_s008 100 (512,512,3)
038_s001 100 (512,512,3)
038_s002 100 (512,512,3)
038_s003 100 (512,512,3)
038_s004 100 (512,512,3)
038_s005 100 (512,512,3)
038_s006 100 (512,512,3)
038_s007 100 (512,512,3)
038_s008 100 (512,512,3)
039_s001 100 (512,512,3)
039_s002 100 (512,512,3)
039_s003 100 (512,512,3)
039_s004 100 (512,512,3)
039_s005 100 (512,512,3)
039_s006 100 (512,512,3)
039_s007 100 (512,512,3)
039_s008 100 (512,512,3)
040_s001 100 (512,512,3)
040_s002 100 (512,512,3)
040_s003 100 (512,512,3)
040_s004 100 (512,512,3)
040_s005 100 (512,512,3)
040_s006 100 (512,512,3)
040_s007 100 (512,512,3)
040_s008 100 (512,512,3)
041_s001 100 (512,512,3)
041_s002 100 (512,512,3)
041_s003 100 (512,512,3)
041_s004 100 (512,512,3)
041_s005 100 (512,512,3)
041_s006 100 (512,512,3)
041_s007 100 (512,512,3)
041_s008 100 (512,512,3)
042_s001 100 (512,512,3)
042_s002 100 (512,512,3)
042_s003 100 (512,512,3)
042_s004 100 (512,512,3)
042_s005 100 (512,512,3)
042_s006 100 (512,512,3)
042_s007 100 (512,512,3)
042_s008 100 (512,512,3)
043_s001 100 (512,512,3)
043_s002 100 (512,512,3)
043_s003 100 (512,512,3)
043_s004 100 (512,512,3)
043_s005 100 (512,512,3)
043_s006 100 (512,512,3)
043_s007 100 (512,512,3)
043_s008 100 (512,512,3)
044_s001 100 (512,512,3)
044_s002 100 (512,512,3)
044_s003 100 (512,512,3)
044_s004 100 (512,512,3)
044_s005 100 (512,512,3)
044_s006 100 (512,512,3)
044_s007 100 (512,512,3)
044_s008 100 (512,512,3)
045_s001 100 (512,512,3)
045_s002 100 (512,512,3)
045_s003 100 (512,512,3)
045_s004 100 (512,512,3)
045_s005 100 (512,512,3)
045_s006 100 (512,512,3)
045_s007 100 (512,512,3)
045_s008 100 (512,512,3)
046_s001 100 (512,512,3)
046_s002 100 (512,512,3)
046_s003 100 (512,512,3)
046_s004 100 (512,512,3)
046_s005 100 (512,512,3)
046_s006 100 (512,512,3)
046_s007 100 (512,512,3)
046_s008 100 (512,512,3)
047_s001 100 (512,512,3)
047_s002 100 (512,512,3)
047_s003 100 (512,512,3)
047_s004 100 (512,512,3)
047_s005 100 (512,512,3)
047_s006 100 (512,512,3)
047_s007 100 (512,512,3)
047_s008 100 (512,512,3)
048_s001 100 (512,512,3)
048_s002 100 (512,512,3)
048_s003 100 (512,512,3)
048_s004 100 (512,512,3)
048_s005 100 (512,512,3)
048_s006 100 (512,512,3)
048_s007 100 (512,512,3)
048_s008 100 (512,512,3)
049_s001 100 (512,512,3)
049_s002 100 (512,512,3)
049_s003 100 (512,512,3)
049_s004 100 (512,512,3)
049_s005 100 (512,512,3)
049_s006 100 (512,512,3)
049_s007 100 (512,512,3)
049_s008 100 (512,512,3)
050_s001 100 (512,512,3)
050_s002 100 (512,512,3)
050_s003 100 (512,512,3)
050_s004 100 (512,512,3)
050_s005 100 (512,512,3)
050_s006 100 (512,512,3)
050_s007 100 (512,512,3)
050_s008 100 (512,512,3)
051_s001 100 (512,512,3)
051_s002 100 (512,512,3)
051_s003 100 (512,512,3)
051_s004 100 (512,512,3)
051_s005 100 (512,512,3)
051_s006 100 (512,512,3)
051_s007 100 (512,512,3)
051_s008 100 (512,512,3)
052_s001 100 (512,512,3)
052_s002 100 (512,512,3)
052_s003 100 (512,512,3)
052_s004 100 (512,512,3)
052_s005 100 (512,512,3)
052_s006 100 (512,512,3)
052_s007 100 (512,512,3)
052_s008 100 (512,512,3)
053_s001 100 (512,512,3)
053_s002 100 (512,512,3)
053_s003 100 (512,512,3)
053_s004 100 (512,512,3)
053_s005 100 (512,512,3)
053_s006 100 (512,512,3)
053_s007 100 (512,512,3)
053_s008 100 (512,512,3)
054_s001 100 (512,512,3)
054_s002 100 (512,512,3)
054_s003 100 (512,512,3)
054_s004 100 (512,512,3)
054_s005 100 (512,512,3)
054_s006 100 (512,512,3)
054_s007 100 (512,512,3)
054_s008 100 (512,512,3)
055_s001 100 (512,512,3)
055_s002 100 (512,512,3)
055_s003 100 (512,512,3)
055_s004 100 (512,512,3)
055_s005 100 (512,512,3)
055_s006 100 (512,512,3)
055_s007 100 (512,512,3)
055_s008 100 (512,512,3)
056_s001 100 (512,512,3)
056_s002 100 (512,512,3)
056_s003 100 (512,512,3)
056_s004 100 (512,512,3)
056_s005 100 (512,512,3)
056_s006 100 (512,512,3)
056_s007 100 (512,512,3)
056_s008 100 (512,512,3)
057_s001 100 (512,512,3)
057_s002 100 (512,512,3)
057_s003 100 (512,512,3)
057_s004 100 (512,512,3)
057_s005 100 (512,512,3)
057_s006 100 (512,512,3)
057_s007 100 (512,512,3)
057_s008 100 (512,512,3)
058_s001 100 (512,512,3)
058_s002 100 (512,512,3)
058_s003 100 (512,512,3)
058_s004 100 (512,512,3)
058_s005 100 (512,512,3)
058_s006 100 (512,512,3)
058_s007 100 (512,512,3)
058_s008 100 (512,512,3)
059_s001 100 (512,512,3)
059_s002 100 (512,512,3)
059_s003 100 (512,512,3)
059_s004 100 (512,512,3)
059_s005 100 (512,512,3)
059_s006 100 (512,512,3)
059_s007 100 (512,512,3)
059_s008 100 (512,512,3)
060_s001 100 (512,512,3)
060_s002 100 (512,512,3)
060_s003 100 (512,512,3)
060_s004 100 (512,512,3)
060_s005 100 (512,512,3)
060_s006 100 (512,512,3)
060_s007 100 (512,512,3)
060_s008 100 (512,512,3)
061_s001 100 (512,512,3)
061_s002 100 (512,512,3)
061_s003 100 (512,512,3)
061_s004 100 (512,512,3)
061_s005 100 (512,512,3)
061_s006 100 (512,512,3)
061_s007 100 (512,512,3)
061_s008 100 (512,512,3)
062_s001 100 (512,512,3)
062_s002 100 (512,512,3)
062_s003 100 (512,512,3)
062_s004 100 (512,512,3)
062_s005 100 (512,512,3)
062_s006 100 (512,512,3)
062_s007 100 (512,512,3)
062_s008 100 (512,512,3)
063_s001 100 (512,512,3)
063_s002 100 (512,512,3)
063_s003 100 (512,512,3)
063_s004 100 (512,512,3)
063_s005 100 (512,512,3)
063_s006 100 (512,512,3)
063_s007 100 (512,512,3)
063_s008 100 (512,512,3)
064_s001 100 (512,512,3)
064_s002 100 (512,512,3)
064_s003 100 (512,512,3)
064_s004 100 (512,512,3)
064_s005 100 (512,512,3)
064_s006 100 (512,512,3)
064_s007 100 (512,512,3)
064_s008 100 (512,512,3)
065_s001 100 (512,512,3)
065_s002 100 (512,512,3)
065_s003 100 (512,512,3)
065_s004 100 (512,512,3)
065_s005 100 (512,512,3)
065_s006 100 (512,512,3)
065_s007 100 (512,512,3)
065_s008 100 (512,512,3)
066_s001 100 (512,512,3)
066_s002 100 (512,512,3)
066_s003 100 (512,512,3)
066_s004 100 (512,512,3)
066_s005 100 (512,512,3)
066_s006 100 (512,512,3)
066_s007 100 (512,512,3)
066_s008 100 (512,512,3)
067_s001 100 (512,512,3)
067_s002 100 (512,512,3)
067_s003 100 (512,512,3)
067_s004 100 (512,512,3)
067_s005 100 (512,512,3)
067_s006 100 (512,512,3)
067_s007 100 (512,512,3)
067_s008 100 (512,512,3)
068_s001 100 (512,512,3)
068_s002 100 (512,512,3)
068_s003 100 (512,512,3)
068_s004 100 (512,512,3)
068_s005 100 (512,512,3)
068_s006 100 (512,512,3)
068_s007 100 (512,512,3)
068_s008 100 (512,512,3)
069_s001 100 (512,512,3)
069_s002 100 (512,512,3)
069_s003 100 (512,512,3)
069_s004 100 (512,512,3)
069_s005 100 (512,512,3)
069_s006 100 (512,512,3)
069_s007 100 (512,512,3)
069_s008 100 (512,512,3)
070_s001 100 (512,512,3)
070_s002 100 (512,512,3)
070_s003 100 (512,512,3)
070_s004 100 (512,512,3)
070_s005 100 (512,512,3)
070_s006 100 (512,512,3)
070_s007 100 (512,512,3)
070_s008 100 (512,512,3)
071_s001 100 (512,512,3)
071_s002 100 (512,512,3)
071_s003 100 (512,512,3)
071_s004 100 (512,512,3)
071_s005 100 (512,512,3)
071_s006 100 (512,512,3)
071_s007 100 (512,512,3)
071_s008 100 (512,512,3)
072_s001 100 (512,512,3)
072_s002 100 (512,512,3)
072_s003 100 (512,512,3)
072_s004 100 (512,512,3)
072_s005 100 (512,512,3)
072_s006 100 (512,512,3)
072_s007 100 (512,512,3)
072_s008 100 (512,512,3)
073_s001 100 (512,512,3)
073_s002 100 (512,512,3)
073_s003 100 (512,512,3)
073_s004 100 (512,512,3)
073_s005 100 (512,512,3)
073_s006 100 (512,512,3)
073_s007 100 (512,512,3)
073_s008 100 (512,512,3)
074_s001 100 (512,512,3)
074_s002 100 (512,512,3)
074_s003 100 (512,512,3)
074_s004 100 (512,512,3)
074_s005 100 (512,512,3)
074_s006 100 (512,512,3)
074_s007 100 (512,512,3)
074_s008 100 (512,512,3)
075_s001 100 (512,512,3)
075_s002 100 (512,512,3)
075_s003 100 (512,512,3)
075_s004 100 (512,512,3)
075_s005 100 (512,512,3)
075_s006 100 (512,512,3)
075_s007 100 (512,512,3)
075_s008 100 (512,512,3)
076_s001 100 (512,512,3)
076_s002 100 (512,512,3)
076_s003 100 (512,512,3)
076_s004 100 (512,512,3)
076_s005 100 (512,512,3)
076_s006 100 (512,512,3)
076_s007 100 (512,512,3)
076_s008 100 (512,512,3)
077_s001 100 (512,512,3)
077_s002 100 (512,512,3)
077_s003 100 (512,512,3)
077_s004 100 (512,512,3)
077_s005 100 (512,512,3)
077_s006 100 (512,512,3)
077_s007 100 (512,512,3)
077_s008 100 (512,512,3)
078_s001 100 (512,512,3)
078_s002 100 (512,512,3)
078_s003 100 (512,512,3)
078_s004 100 (512,512,3)
078_s005 100 (512,512,3)
078_s006 100 (512,512,3)
078_s007 100 (512,512,3)
078_s008 100 (512,512,3)
079_s001 100 (512,512,3)
079_s002 100 (512,512,3)
079_s003 100 (512,512,3)
079_s004 100 (512,512,3)
079_s005 100 (512,512,3)
079_s006 100 (512,512,3)
079_s007 100 (512,512,3)
079_s008 100 (512,512,3)
080_s001 100 (512,512,3)
080_s002 100 (512,512,3)
080_s003 100 (512,512,3)
080_s004 100 (512,512,3)
080_s005 100 (512,512,3)
080_s006 100 (512,512,3)
080_s007 100 (512,512,3)
080_s008 100 (512,512,3)
081_s001 100 (512,512,3)
081_s002 100 (512,512,3)
081_s003 100 (512,512,3)
081_s004 100 (512,512,3)
081_s005 100 (512,512,3)
081_s006 100 (512,512,3)
081_s007 100 (512,512,3)
081_s008 100 (512,512,3)
082_s001 100 (512,512,3)
082_s002 100 (512,512,3)
082_s003 100 (512,512,3)
082_s004 100 (512,512,3)
082_s005 100 (512,512,3)
082_s006 100 (512,512,3)
082_s007 100 (512,512,3)
082_s008 100 (512,512,3)
083_s001 100 (512,512,3)
083_s002 100 (512,512,3)
083_s003 100 (512,512,3)
083_s004 100 (512,512,3)
083_s005 100 (512,512,3)
083_s006 100 (512,512,3)
083_s007 100 (512,512,3)
083_s008 100 (512,512,3)
084_s001 100 (512,512,3)
084_s002 100 (512,512,3)
084_s003 100 (512,512,3)
084_s004 100 (512,512,3)
084_s005 100 (512,512,3)
084_s006 100 (512,512,3)
084_s007 100 (512,512,3)
084_s008 100 (512,512,3)
085_s001 100 (512,512,3)
085_s002 100 (512,512,3)
085_s003 100 (512,512,3)
085_s004 100 (512,512,3)
085_s005 100 (512,512,3)
085_s006 100 (512,512,3)
085_s007 100 (512,512,3)
085_s008 100 (512,512,3)
086_s001 100 (512,512,3)
086_s002 100 (512,512,3)
086_s003 100 (512,512,3)
086_s004 100 (512,512,3)
086_s005 100 (512,512,3)
086_s006 100 (512,512,3)
086_s007 100 (512,512,3)
086_s008 100 (512,512,3)
087_s001 100 (512,512,3)
087_s002 100 (512,512,3)
087_s003 100 (512,512,3)
087_s004 100 (512,512,3)
087_s005 100 (512,512,3)
087_s006 100 (512,512,3)
087_s007 100 (512,512,3)
087_s008 100 (512,512,3)
088_s001 100 (512,512,3)
088_s002 100 (512,512,3)
088_s003 100 (512,512,3)
088_s004 100 (512,512,3)
088_s005 100 (512,512,3)
088_s006 100 (512,512,3)
088_s007 100 (512,512,3)
088_s008 100 (512,512,3)
089_s001 100 (512,512,3)
089_s002 100 (512,512,3)
089_s003 100 (512,512,3)
089_s004 100 (512,512,3)
089_s005 100 (512,512,3)
089_s006 100 (512,512,3)
089_s007 100 (512,512,3)
089_s008 100 (512,512,3)
090_s001 100 (512,512,3)
090_s002 100 (512,512,3)
090_s003 100 (512,512,3)
090_s004 100 (512,512,3)
090_s005 100 (512,512,3)
090_s006 100 (512,512,3)
090_s007 100 (512,512,3)
090_s008 100 (512,512,3)
091_s001 100 (512,512,3)
091_s002 100 (512,512,3)
091_s003 100 (512,512,3)
091_s004 100 (512,512,3)
091_s005 100 (512,512,3)
091_s006 100 (512,512,3)
091_s007 100 (512,512,3)
091_s008 100 (512,512,3)
092_s001 100 (512,512,3)
092_s002 100 (512,512,3)
092_s003 100 (512,512,3)
092_s004 100 (512,512,3)
092_s005 100 (512,512,3)
092_s006 100 (512,512,3)
092_s007 100 (512,512,3)
092_s008 100 (512,512,3)
093_s001 100 (512,512,3)
093_s002 100 (512,512,3)
093_s003 100 (512,512,3)
093_s004 100 (512,512,3)
093_s005 100 (512,512,3)
093_s006 100 (512,512,3)
093_s007 100 (512,512,3)
093_s008 100 (512,512,3)
094_s001 100 (512,512,3)
094_s002 100 (512,512,3)
094_s003 100 (512,512,3)
094_s004 100 (512,512,3)
094_s005 100 (512,512,3)
094_s006 100 (512,512,3)
094_s007 100 (512,512,3)
094_s008 100 (512,512,3)
095_s001 100 (512,512,3)
095_s002 100 (512,512,3)
095_s003 100 (512,512,3)
095_s004 100 (512,512,3)
095_s005 100 (512,512,3)
095_s006 100 (512,512,3)
095_s007 100 (512,512,3)
095_s008 100 (512,512,3)
096_s001 100 (512,512,3)
096_s002 100 (512,512,3)
096_s003 100 (512,512,3)
096_s004 100 (512,512,3)
096_s005 100 (512,512,3)
096_s006 100 (512,512,3)
096_s007 100 (512,512,3)
096_s008 100 (512,512,3)
097_s001 100 (512,512,3)
097_s002 100 (512,512,3)
097_s003 100 (512,512,3)
097_s004 100 (512,512,3)
097_s005 100 (512,512,3)
097_s006 100 (512,512,3)
097_s007 100 (512,512,3)
097_s008 100 (512,512,3)
098_s001 100 (512,512,3)
098_s002 100 (512,512,3)
098_s003 100 (512,512,3)
098_s004 100 (512,512,3)
098_s005 100 (512,512,3)
098_s006 100 (512,512,3)
098_s007 100 (512,512,3)
098_s008 100 (512,512,3)
099_s001 100 (512,512,3)
099_s002 100 (512,512,3)
099_s003 100 (512,512,3)
099_s004 100 (512,512,3)
099_s005 100 (512,512,3)
099_s006 100 (512,512,3)
099_s007 100 (512,512,3)
099_s008 100 (512,512,3)
100_s001 100 (512,512,3)
100_s002 100 (512,512,3)
100_s003 100 (512,512,3)
100_s004 100 (512,512,3)
100_s005 100 (512,512,3)
100_s006 100 (512,512,3)
100_s007 100 (512,512,3)
100_s008 100 (512,512,3)
101_s001 100 (512,512,3)
101_s002 100 (512,512,3)
101_s003 100 (512,512,3)
101_s004 100 (512,512,3)
101_s005 100 (512,512,3)
101_s006 100 (512,512,3)
101_s007 100 (512,512,3)
101_s008 100 (512,512,3)
102_s001 100 (512,512,3)
102_s002 100 (512,512,3)
102_s003 100 (512,512,3)
102_s004 100 (512,512,3)
102_s005 100 (512,512,3)
102_s006 100 (512,512,3)
102_s007 100 (512,512,3)
102_s008 100 (512,512,3)
103_s001 100 (512,512,3)
103_s002 100 (512,512,3)
103_s003 100 (512,512,3)
103_s004 100 (512,512,3)
103_s005 100 (512,512,3)
103_s006 100 (512,512,3)
103_s007 100 (512,512,3)
103_s008 100 (512,512,3)
104_s001 100 (512,512,3)
104_s002 100 (512,512,3)
104_s003 100 (512,512,3)
104_s004 100 (512,512,3)
104_s005 100 (512,512,3)
104_s006 100 (512,512,3)
104_s007 100 (512,512,3)
104_s008 100 (512,512,3)
105_s001 100 (512,512,3)
105_s002 100 (512,512,3)
105_s003 100 (512,512,3)
105_s004 100 (512,512,3)
105_s005 100 (512,512,3)
105_s006 100 (512,512,3)
105_s007 100 (512,512,3)
105_s008 100 (512,512,3)
106_s001 100 (512,512,3)
106_s002 100 (512,512,3)
106_s003 100 (512,512,3)
106_s004 100 (512,512,3)
106_s005 100 (512,512,3)
106_s006 100 (512,512,3)
106_s007 100 (512,512,3)
106_s008 100 (512,512,3)
107_s001 100 (512,512,3)
107_s002 100 (512,512,3)
107_s003 100 (512,512,3)
107_s004 100 (512,512,3)
107_s005 100 (512,512,3)
107_s006 100 (512,512,3)
107_s007 100 (512,512,3)
107_s008 100 (512,512,3)
108_s001 100 (512,512,3)
108_s002 100 (512,512,3)
108_s003 100 (512,512,3)
108_s004 100 (512,512,3)
108_s005 100 (512,512,3)
108_s006 100 (512,512,3)
108_s007 100 (512,512,3)
108_s008 100 (512,512,3)
109_s001 100 (512,512,3)
109_s002 100 (512,512,3)
109_s003 100 (512,512,3)
109_s004 100 (512,512,3)
109_s005 100 (512,512,3)
109_s006 100 (512,512,3)
109_s007 100 (512,512,3)
109_s008 100 (512,512,3)
110_s001 100 (512,512,3)
110_s002 100 (512,512,3)
110_s003 100 (512,512,3)
110_s004 100 (512,512,3)
110_s005 100 (512,512,3)
110_s006 100 (512,512,3)
110_s007 100 (512,512,3)
110_s008 100 (512,512,3)
111_s001 100 (512,512,3)
111_s002 100 (512,512,3)
111_s003 100 (512,512,3)
111_s004 100 (512,512,3)
111_s005 100 (512,512,3)
111_s006 100 (512,512,3)
111_s007 100 (512,512,3)
111_s008 100 (512,512,3)
112_s001 100 (512,512,3)
112_s002 100 (512,512,3)
112_s003 100 (512,512,3)
112_s004 100 (512,512,3)
112_s005 100 (512,512,3)
112_s006 100 (512,512,3)
112_s007 100 (512,512,3)
112_s008 100 (512,512,3)
113_s001 100 (512,512,3)
113_s002 100 (512,512,3)
113_s003 100 (512,512,3)
113_s004 100 (512,512,3)
113_s005 100 (512,512,3)
113_s006 100 (512,512,3)
113_s007 100 (512,512,3)
113_s008 100 (512,512,3)
114_s001 100 (512,512,3)
114_s002 100 (512,512,3)
114_s003 100 (512,512,3)
114_s004 100 (512,512,3)
114_s005 100 (512,512,3)
114_s006 100 (512,512,3)
114_s007 100 (512,512,3)
114_s008 100 (512,512,3)
115_s001 100 (512,512,3)
115_s002 100 (512,512,3)
115_s003 100 (512,512,3)
115_s004 100 (512,512,3)
115_s005 100 (512,512,3)
115_s006 100 (512,512,3)
115_s007 100 (512,512,3)
115_s008 100 (512,512,3)
116_s001 100 (512,512,3)
116_s002 100 (512,512,3)
116_s003 100 (512,512,3)
116_s004 100 (512,512,3)
116_s005 100 (512,512,3)
116_s006 100 (512,512,3)
116_s007 100 (512,512,3)
116_s008 100 (512,512,3)
117_s001 100 (512,512,3)
117_s002 100 (512,512,3)
117_s003 100 (512,512,3)
117_s004 100 (512,512,3)
117_s005 100 (512,512,3)
117_s006 100 (512,512,3)
117_s007 100 (512,512,3)
117_s008 100 (512,512,3)
118_s001 100 (512,512,3)
118_s002 100 (512,512,3)
118_s003 100 (512,512,3)
118_s004 100 (512,512,3)
118_s005 100 (512,512,3)
118_s006 100 (512,512,3)
118_s007 100 (512,512,3)
118_s008 100 (512,512,3)
119_s001 100 (512,512,3)
119_s002 100 (512,512,3)
119_s003 100 (512,512,3)
119_s004 100 (512,512,3)
119_s005 100 (512,512,3)
119_s006 100 (512,512,3)
119_s007 100 (512,512,3)
119_s008 100 (512,512,3)
120_s001 100 (512,512,3)
120_s002 100 (512,512,3)
120_s003 100 (512,512,3)
120_s004 100 (512,512,3)
120_s005 100 (512,512,3)
120_s006 100 (512,512,3)
120_s007 100 (512,512,3)
120_s008 100 (512,512,3)
121_s001 100 (512,512,3)
121_s002 100 (512,512,3)
121_s003 100 (512,512,3)
121_s004 100 (512,512,3)
121_s005 100 (512,512,3)
121_s006 100 (512,512,3)
121_s007 100 (512,512,3)
121_s008 100 (512,512,3)
122_s001 100 (512,512,3)
122_s002 100 (512,512,3)
122_s003 100 (512,512,3)
122_s004 100 (512,512,3)
122_s005 100 (512,512,3)
122_s006 100 (512,512,3)
122_s007 100 (512,512,3)
122_s008 100 (512,512,3)
123_s001 100 (512,512,3)
123_s002 100 (512,512,3)
123_s003 100 (512,512,3)
123_s004 100 (512,512,3)
123_s005 100 (512,512,3)
123_s006 100 (512,512,3)
123_s007 100 (512,512,3)
123_s008 100 (512,512,3)
124_s001 100 (512,512,3)
124_s002 100 (512,512,3)
124_s003 100 (512,512,3)
124_s004 100 (512,512,3)
124_s005 100 (512,512,3)
124_s006 100 (512,512,3)
124_s007 100 (512,512,3)
124_s008 100 (512,512,3)
125_s001 100 (512,512,3)
125_s002 100 (512,512,3)
125_s003 100 (512,512,3)
125_s004 100 (512,512,3)
125_s005 100 (512,512,3)
125_s006 100 (512,512,3)
125_s007 100 (512,512,3)
125_s008 100 (512,512,3)
126_s001 100 (512,512,3)
126_s002 100 (512,512,3)
126_s003 100 (512,512,3)
126_s004 100 (512,512,3)
126_s005 100 (512,512,3)
126_s006 100 (512,512,3)
126_s007 100 (512,512,3)
126_s008 100 (512,512,3)
127_s001 100 (512,512,3)
127_s002 100 (512,512,3)
127_s003 100 (512,512,3)
127_s004 100 (512,512,3)
127_s005 100 (512,512,3)
127_s006 100 (512,512,3)
127_s007 100 (512,512,3)
127_s008 100 (512,512,3)
128_s001 100 (512,512,3)
128_s002 100 (512,512,3)
128_s003 100 (512,512,3)
128_s004 100 (512,512,3)
128_s005 100 (512,512,3)
128_s006 100 (512,512,3)
128_s007 100 (512,512,3)
128_s008 100 (512,512,3)
129_s001 100 (512,512,3)
129_s002 100 (512,512,3)
129_s003 100 (512,512,3)
129_s004 100 (512,512,3)
129_s005 100 (512,512,3)
129_s006 100 (512,512,3)
129_s007 100 (512,512,3)
129_s008 100 (512,512,3)
130_s001 100 (512,512,3)
130_s002 100 (512,512,3)
130_s003 100 (512,512,3)
130_s004 100 (512,512,3)
130_s005 100 (512,512,3)
130_s006 100 (512,512,3)
130_s007 100 (512,512,3)
130_s008 100 (512,512,3)
131_s001 100 (512,512,3)
131_s002 100 (512,512,3)
131_s003 100 (512,512,3)
131_s004 100 (512,512,3)
131_s005 100 (512,512,3)
131_s006 100 (512,512,3)
131_s007 100 (512,512,3)
131_s008 100 (512,512,3)
132_s001 100 (512,512,3)
132_s002 100 (512,512,3)
132_s003 100 (512,512,3)
132_s004 100 (512,512,3)
132_s005 100 (512,512,3)
132_s006 100 (512,512,3)
132_s007 100 (512,512,3)
132_s008 100 (512,512,3)
133_s001 100 (512,512,3)
133_s002 100 (512,512,3)
133_s003 100 (512,512,3)
133_s004 100 (512,512,3)
133_s005 100 (512,512,3)
133_s006 100 (512,512,3)
133_s007 100 (512,512,3)
133_s008 100 (512,512,3)
134_s001 100 (512,512,3)
134_s002 100 (512,512,3)
134_s003 100 (512,512,3)
134_s004 100 (512,512,3)
134_s005 100 (512,512,3)
134_s006 100 (512,512,3)
134_s007 100 (512,512,3)
134_s008 100 (512,512,3)
135_s001 100 (512,512,3)
135_s002 100 (512,512,3)
135_s003 100 (512,512,3)
135_s004 100 (512,512,3)
135_s005 100 (512,512,3)
135_s006 100 (512,512,3)
135_s007 100 (512,512,3)
135_s008 100 (512,512,3)
136_s001 100 (512,512,3)
136_s002 100 (512,512,3)
136_s003 100 (512,512,3)
136_s004 100 (512,512,3)
136_s005 100 (512,512,3)
136_s006 100 (512,512,3)
136_s007 100 (512,512,3)
136_s008 100 (512,512,3)
137_s001 100 (512,512,3)
137_s002 100 (512,512,3)
137_s003 100 (512,512,3)
137_s004 100 (512,512,3)
137_s005 100 (512,512,3)
137_s006 100 (512,512,3)
137_s007 100 (512,512,3)
137_s008 100 (512,512,3)
138_s001 100 (512,512,3)
138_s002 100 (512,512,3)
138_s003 100 (512,512,3)
138_s004 100 (512,512,3)
138_s005 100 (512,512,3)
138_s006 100 (512,512,3)
138_s007 100 (512,512,3)
138_s008 100 (512,512,3)
139_s001 100 (512,512,3)
139_s002 100 (512,512,3)
139_s003 100 (512,512,3)
139_s004 100 (512,512,3)
139_s005 100 (512,512,3)
139_s006 100 (512,512,3)
139_s007 100 (512,512,3)
139_s008 100 (512,512,3)
140_s001 100 (512,512,3)
140_s002 100 (512,512,3)
140_s003 100 (512,512,3)
140_s004 100 (512,512,3)
140_s005 100 (512,512,3)
140_s006 100 (512,512,3)
140_s007 100 (512,512,3)
140_s008 100 (512,512,3)
141_s001 100 (512,512,3)
141_s002 100 (512,512,3)
141_s003 100 (512,512,3)
141_s004 100 (512,512,3)
141_s005 100 (512,512,3)
141_s006 100 (512,512,3)
141_s007 100 (512,512,3)
141_s008 100 (512,512,3)
142_s001 100 (512,512,3)
142_s002 100 (512,512,3)
142_s003 100 (512,512,3)
142_s004 100 (512,512,3)
142_s005 100 (512,512,3)
142_s006 100 (512,512,3)
142_s007 100 (512,512,3)
142_s008 100 (512,512,3)
143_s001 100 (512,512,3)
143_s002 100 (512,512,3)
143_s003 100 (512,512,3)
143_s004 100 (512,512,3)
143_s005 100 (512,512,3)
143_s006 100 (512,512,3)
143_s007 100 (512,512,3)
143_s008 100 (512,512,3)
144_s001 100 (512,512,3)
144_s002 100 (512,512,3)
144_s003 100 (512,512,3)
144_s004 100 (512,512,3)
144_s005 100 (512,512,3)
144_s006 100 (512,512,3)
144_s007 100 (512,512,3)
144_s008 100 (512,512,3)
145_s001 100 (512,512,3)
145_s002 100 (512,512,3)
145_s003 100 (512,512,3)
145_s004 100 (512,512,3)
145_s005 100 (512,512,3)
145_s006 100 (512,512,3)
145_s007 100 (512,512,3)
145_s008 100 (512,512,3)
146_s001 100 (512,512,3)
146_s002 100 (512,512,3)
146_s003 100 (512,512,3)
146_s004 100 (512,512,3)
146_s005 100 (512,512,3)
146_s006 100 (512,512,3)
146_s007 100 (512,512,3)
146_s008 100 (512,512,3)
147_s001 100 (512,512,3)
147_s002 100 (512,512,3)
147_s003 100 (512,512,3)
147_s004 100 (512,512,3)
147_s005 100 (512,512,3)
147_s006 100 (512,512,3)
147_s007 100 (512,512,3)
147_s008 100 (512,512,3)
148_s001 100 (512,512,3)
148_s002 100 (512,512,3)
148_s003 100 (512,512,3)
148_s004 100 (512,512,3)
148_s005 100 (512,512,3)
148_s006 100 (512,512,3)
148_s007 100 (512,512,3)
148_s008 100 (512,512,3)
149_s001 100 (512,512,3)
149_s002 100 (512,512,3)
149_s003 100 (512,512,3)
149_s004 100 (512,512,3)
149_s005 100 (512,512,3)
149_s006 100 (512,512,3)
149_s007 100 (512,512,3)
149_s008 100 (512,512,3)
150_s001 100 (512,512,3)
150_s002 100 (512,512,3)
150_s003 100 (512,512,3)
150_s004 100 (512,512,3)
150_s005 100 (512,512,3)
150_s006 100 (512,512,3)
150_s007 100 (512,512,3)
150_s008 100 (512,512,3)
151_s001 100 (512,512,3)
151_s002 100 (512,512,3)
151_s003 100 (512,512,3)
151_s004 100 (512,512,3)
151_s005 100 (512,512,3)
151_s006 100 (512,512,3)
151_s007 100 (512,512,3)
151_s008 100 (512,512,3)
152_s001 100 (512,512,3)
152_s002 100 (512,512,3)
152_s003 100 (512,512,3)
152_s004 100 (512,512,3)
152_s005 100 (512,512,3)
152_s006 100 (512,512,3)
152_s007 100 (512,512,3)
152_s008 100 (512,512,3)
153_s001 100 (512,512,3)
153_s002 100 (512,512,3)
153_s003 100 (512,512,3)
153_s004 100 (512,512,3)
153_s005 100 (512,512,3)
153_s006 100 (512,512,3)
153_s007 100 (512,512,3)
153_s008 100 (512,512,3)
154_s001 100 (512,512,3)
154_s002 100 (512,512,3)
154_s003 100 (512,512,3)
154_s004 100 (512,512,3)
154_s005 100 (512,512,3)
154_s006 100 (512,512,3)
154_s007 100 (512,512,3)
154_s008 100 (512,512,3)
155_s001 100 (512,512,3)
155_s002 100 (512,512,3)
155_s003 100 (512,512,3)
155_s004 100 (512,512,3)
155_s005 100 (512,512,3)
155_s006 100 (512,512,3)
155_s007 100 (512,512,3)
155_s008 100 (512,512,3)
156_s001 100 (512,512,3)
156_s002 100 (512,512,3)
156_s003 100 (512,512,3)
156_s004 100 (512,512,3)
156_s005 100 (512,512,3)
156_s006 100 (512,512,3)
156_s007 100 (512,512,3)
156_s008 100 (512,512,3)
157_s001 100 (512,512,3)
157_s002 100 (512,512,3)
157_s003 100 (512,512,3)
157_s004 100 (512,512,3)
157_s005 100 (512,512,3)
157_s006 100 (512,512,3)
157_s007 100 (512,512,3)
157_s008 100 (512,512,3)
158_s001 100 (512,512,3)
158_s002 100 (512,512,3)
158_s003 100 (512,512,3)
158_s004 100 (512,512,3)
158_s005 100 (512,512,3)
158_s006 100 (512,512,3)
158_s007 100 (512,512,3)
158_s008 100 (512,512,3)
159_s001 100 (512,512,3)
159_s002 100 (512,512,3)
159_s003 100 (512,512,3)
159_s004 100 (512,512,3)
159_s005 100 (512,512,3)
159_s006 100 (512,512,3)
159_s007 100 (512,512,3)
159_s008 100 (512,512,3)
160_s001 100 (512,512,3)
160_s002 100 (512,512,3)
160_s003 100 (512,512,3)
160_s004 100 (512,512,3)
160_s005 100 (512,512,3)
160_s006 100 (512,512,3)
160_s007 100 (512,512,3)
160_s008 100 (512,512,3)
161_s001 100 (512,512,3)
161_s002 100 (512,512,3)
161_s003 100 (512,512,3)
161_s004 100 (512,512,3)
161_s005 100 (512,512,3)
161_s006 100 (512,512,3)
161_s007 100 (512,512,3)
161_s008 100 (512,512,3)
162_s001 100 (512,512,3)
162_s002 100 (512,512,3)
162_s003 100 (512,512,3)
162_s004 100 (512,512,3)
162_s005 100 (512,512,3)
162_s006 100 (512,512,3)
162_s007 100 (512,512,3)
162_s008 100 (512,512,3)
163_s001 100 (512,512,3)
163_s002 100 (512,512,3)
163_s003 100 (512,512,3)
163_s004 100 (512,512,3)
163_s005 100 (512,512,3)
163_s006 100 (512,512,3)
163_s007 100 (512,512,3)
163_s008 100 (512,512,3)
164_s001 100 (512,512,3)
164_s002 100 (512,512,3)
164_s003 100 (512,512,3)
164_s004 100 (512,512,3)
164_s005 100 (512,512,3)
164_s006 100 (512,512,3)
164_s007 100 (512,512,3)
164_s008 100 (512,512,3)
165_s001 100 (512,512,3)
165_s002 100 (512,512,3)
165_s003 100 (512,512,3)
165_s004 100 (512,512,3)
165_s005 100 (512,512,3)
165_s006 100 (512,512,3)
165_s007 100 (512,512,3)
165_s008 100 (512,512,3)
166_s001 100 (512,512,3)
166_s002 100 (512,512,3)
166_s003 100 (512,512,3)
166_s004 100 (512,512,3)
166_s005 100 (512,512,3)
166_s006 100 (512,512,3)
166_s007 100 (512,512,3)
166_s008 100 (512,512,3)
167_s001 100 (512,512,3)
167_s002 100 (512,512,3)
167_s003 100 (512,512,3)
167_s004 100 (512,512,3)
167_s005 100 (512,512,3)
167_s006 100 (512,512,3)
167_s007 100 (512,512,3)
167_s008 100 (512,512,3)
168_s001 100 (512,512,3)
168_s002 100 (512,512,3)
168_s003 100 (512,512,3)
168_s004 100 (512,512,3)
168_s005 100 (512,512,3)
168_s006 100 (512,512,3)
168_s007 100 (512,512,3)
168_s008 100 (512,512,3)
169_s001 100 (512,512,3)
169_s002 100 (512,512,3)
169_s003 100 (512,512,3)
169_s004 100 (512,512,3)
169_s005 100 (512,512,3)
169_s006 100 (512,512,3)
169_s007 100 (512,512,3)
169_s008 100 (512,512,3)
170_s001 100 (512,512,3)
170_s002 100 (512,512,3)
170_s003 100 (512,512,3)
170_s004 100 (512,512,3)
170_s005 100 (512,512,3)
170_s006 100 (512,512,3)
170_s007 100 (512,512,3)
170_s008 100 (512,512,3)
171_s001 100 (512,512,3)
171_s002 100 (512,512,3)
171_s003 100 (512,512,3)
171_s004 100 (512,512,3)
171_s005 100 (512,512,3)
171_s006 100 (512,512,3)
171_s007 100 (512,512,3)
171_s008 100 (512,512,3)
172_s001 100 (512,512,3)
172_s002 100 (512,512,3)
172_s003 100 (512,512,3)
172_s004 100 (512,512,3)
172_s005 100 (512,512,3)
172_s006 100 (512,512,3)
172_s007 100 (512,512,3)
172_s008 100 (512,512,3)
173_s001 100 (512,512,3)
173_s002 100 (512,512,3)
173_s003 100 (512,512,3)
173_s004 100 (512,512,3)
173_s005 100 (512,512,3)
173_s006 100 (512,512,3)
173_s007 100 (512,512,3)
173_s008 100 (512,512,3)
174_s001 100 (512,512,3)
174_s002 100 (512,512,3)
174_s003 100 (512,512,3)
174_s004 100 (512,512,3)
174_s005 100 (512,512,3)
174_s006 100 (512,512,3)
174_s007 100 (512,512,3)
174_s008 100 (512,512,3)
175_s001 100 (512,512,3)
175_s002 100 (512,512,3)
175_s003 100 (512,512,3)
175_s004 100 (512,512,3)
175_s005 100 (512,512,3)
175_s006 100 (512,512,3)
175_s007 100 (512,512,3)
175_s008 100 (512,512,3)
176_s001 100 (512,512,3)
176_s002 100 (512,512,3)
176_s003 100 (512,512,3)
176_s004 100 (512,512,3)
176_s005 100 (512,512,3)
176_s006 100 (512,512,3)
176_s007 100 (512,512,3)
176_s008 100 (512,512,3)
177_s001 100 (512,512,3)
177_s002 100 (512,512,3)
177_s003 100 (512,512,3)
177_s004 100 (512,512,3)
177_s005 100 (512,512,3)
177_s006 100 (512,512,3)
177_s007 100 (512,512,3)
177_s008 100 (512,512,3)
178_s001 100 (512,512,3)
178_s002 100 (512,512,3)
178_s003 100 (512,512,3)
178_s004 100 (512,512,3)
178_s005 100 (512,512,3)
178_s006 100 (512,512,3)
178_s007 100 (512,512,3)
178_s008 100 (512,512,3)
179_s001 100 (512,512,3)
179_s002 100 (512,512,3)
179_s003 100 (512,512,3)
179_s004 100 (512,512,3)
179_s005 100 (512,512,3)
179_s006 100 (512,512,3)
179_s007 100 (512,512,3)
179_s008 100 (512,512,3)
180_s001 100 (512,512,3)
180_s002 100 (512,512,3)
180_s003 100 (512,512,3)
180_s004 100 (512,512,3)
180_s005 100 (512,512,3)
180_s006 100 (512,512,3)
180_s007 100 (512,512,3)
180_s008 100 (512,512,3)
181_s001 100 (512,512,3)
181_s002 100 (512,512,3)
181_s003 100 (512,512,3)
181_s004 100 (512,512,3)
181_s005 100 (512,512,3)
181_s006 100 (512,512,3)
181_s007 100 (512,512,3)
181_s008 100 (512,512,3)
182_s001 100 (512,512,3)
182_s002 100 (512,512,3)
182_s003 100 (512,512,3)
182_s004 100 (512,512,3)
182_s005 100 (512,512,3)
182_s006 100 (512,512,3)
182_s007 100 (512,512,3)
182_s008 100 (512,512,3)
183_s001 100 (512,512,3)
183_s002 100 (512,512,3)
183_s003 100 (512,512,3)
183_s004 100 (512,512,3)
183_s005 100 (512,512,3)
183_s006 100 (512,512,3)
183_s007 100 (512,512,3)
183_s008 100 (512,512,3)
184_s001 100 (512,512,3)
184_s002 100 (512,512,3)
184_s003 100 (512,512,3)
184_s004 100 (512,512,3)
184_s005 100 (512,512,3)
184_s006 100 (512,512,3)
184_s007 100 (512,512,3)
184_s008 100 (512,512,3)
185_s001 100 (512,512,3)
185_s002 100 (512,512,3)
185_s003 100 (512,512,3)
185_s004 100 (512,512,3)
185_s005 100 (512,512,3)
185_s006 100 (512,512,3)
185_s007 100 (512,512,3)
185_s008 100 (512,512,3)
186_s001 100 (512,512,3)
186_s002 100 (512,512,3)
186_s003 100 (512,512,3)
186_s004 100 (512,512,3)
186_s005 100 (512,512,3)
186_s006 100 (512,512,3)
186_s007 100 (512,512,3)
186_s008 100 (512,512,3)
187_s001 100 (512,512,3)
187_s002 100 (512,512,3)
187_s003 100 (512,512,3)
187_s004 100 (512,512,3)
187_s005 100 (512,512,3)
187_s006 100 (512,512,3)
187_s007 100 (512,512,3)
187_s008 100 (512,512,3)
188_s001 100 (512,512,3)
188_s002 100 (512,512,3)
188_s003 100 (512,512,3)
188_s004 100 (512,512,3)
188_s005 100 (512,512,3)
188_s006 100 (512,512,3)
188_s007 100 (512,512,3)
188_s008 100 (512,512,3)
189_s001 100 (512,512,3)
189_s002 100 (512,512,3)
189_s003 100 (512,512,3)
189_s004 100 (512,512,3)
189_s005 100 (512,512,3)
189_s006 100 (512,512,3)
189_s007 100 (512,512,3)
189_s008 100 (512,512,3)
190_s001 100 (512,512,3)
190_s002 100 (512,512,3)
190_s003 100 (512,512,3)
190_s004 100 (512,512,3)
190_s005 100 (512,512,3)
190_s006 100 (512,512,3)
190_s007 100 (512,512,3)
190_s008 100 (512,512,3)
191_s001 100 (512,512,3)
191_s002 100 (512,512,3)
191_s003 100 (512,512,3)
191_s004 100 (512,512,3)
191_s005 100 (512,512,3)
191_s006 100 (512,512,3)
191_s007 100 (512,512,3)
191_s008 100 (512,512,3)
192_s001 100 (512,512,3)
192_s002 100 (512,512,3)
192_s003 100 (512,512,3)
192_s004 100 (512,512,3)
192_s005 100 (512,512,3)
192_s006 100 (512,512,3)
192_s007 100 (512,512,3)
192_s008 100 (512,512,3)
193_s001 100 (512,512,3)
193_s002 100 (512,512,3)
193_s003 100 (512,512,3)
193_s004 100 (512,512,3)
193_s005 100 (512,512,3)
193_s006 100 (512,512,3)
193_s007 100 (512,512,3)
193_s008 100 (512,512,3)
194_s001 100 (512,512,3)
194_s002 100 (512,512,3)
194_s003 100 (512,512,3)
194_s004 100 (512,512,3)
194_s005 100 (512,512,3)
194_s006 100 (512,512,3)
194_s007 100 (512,512,3)
194_s008 100 (512,512,3)
195_s001 100 (512,512,3)
195_s002 100 (512,512,3)
195_s003 100 (512,512,3)
195_s004 100 (512,512,3)
195_s005 100 (512,512,3)
195_s006 100 (512,512,3)
195_s007 100 (512,512,3)
195_s008 100 (512,512,3)
196_s001 100 (512,512,3)
196_s002 100 (512,512,3)
196_s003 100 (512,512,3)
196_s004 100 (512,512,3)
196_s005 100 (512,512,3)
196_s006 100 (512,512,3)
196_s007 100 (512,512,3)
196_s008 100 (512,512,3)
197_s001 100 (512,512,3)
197_s002 100 (512,512,3)
197_s003 100 (512,512,3)
197_s004 100 (512,512,3)
197_s005 100 (512,512,3)
197_s006 100 (512,512,3)
197_s007 100 (512,512,3)
197_s008 100 (512,512,3)
198_s001 100 (512,512,3)
198_s002 100 (512,512,3)
198_s003 100 (512,512,3)
198_s004 100 (512,512,3)
198_s005 100 (512,512,3)
198_s006 100 (512,512,3)
198_s007 100 (512,512,3)
198_s008 100 (512,512,3)
199_s001 100 (512,512,3)
199_s002 100 (512,512,3)
199_s003 100 (512,512,3)
199_s004 100 (512,512,3)
199_s005 100 (512,512,3)
199_s006 100 (512,512,3)
199_s007 100 (512,512,3)
199_s008 100 (512,512,3)
200_s001 100 (512,512,3)
200_s002 100 (512,512,3)
200_s003 100 (512,512,3)
200_s004 100 (512,512,3)
200_s005 100 (512,512,3)
200_s006 100 (512,512,3)
200_s007 100 (512,512,3)
200_s008 100 (512,512,3)
201_s001 100 (512,512,3)
201_s002 100 (512,512,3)
201_s003 100 (512,512,3)
201_s004 100 (512,512,3)
201_s005 100 (512,512,3)
201_s006 100 (512,512,3)
201_s007 100 (512,512,3)
201_s008 100 (512,512,3)
202_s001 100 (512,512,3)
202_s002 100 (512,512,3)
202_s003 100 (512,512,3)
202_s004 100 (512,512,3)
202_s005 100 (512,512,3)
202_s006 100 (512,512,3)
202_s007 100 (512,512,3)
202_s008 100 (512,512,3)
203_s001 100 (512,512,3)
203_s002 100 (512,512,3)
203_s003 100 (512,512,3)
203_s004 100 (512,512,3)
203_s005 100 (512,512,3)
203_s006 100 (512,512,3)
203_s007 100 (512,512,3)
203_s008 100 (512,512,3)
204_s001 100 (512,512,3)
204_s002 100 (512,512,3)
204_s003 100 (512,512,3)
204_s004 100 (512,512,3)
204_s005 100 (512,512,3)
204_s006 100 (512,512,3)
204_s007 100 (512,512,3)
204_s008 100 (512,512,3)
205_s001 100 (512,512,3)
205_s002 100 (512,512,3)
205_s003 100 (512,512,3)
205_s004 100 (512,512,3)
205_s005 100 (512,512,3)
205_s006 100 (512,512,3)
205_s007 100 (512,512,3)
205_s008 100 (512,512,3)
206_s001 100 (512,512,3)
206_s002 100 (512,512,3)
206_s003 100 (512,512,3)
206_s004 100 (512,512,3)
206_s005 100 (512,512,3)
206_s006 100 (512,512,3)
206_s007 100 (512,512,3)
206_s008 100 (512,512,3)
207_s001 100 (512,512,3)
207_s002 100 (512,512,3)
207_s003 100 (512,512,3)
207_s004 100 (512,512,3)
207_s005 100 (512,512,3)
207_s006 100 (512,512,3)
207_s007 100 (512,512,3)
207_s008 100 (512,512,3)
208_s001 100 (512,512,3)
208_s002 100 (512,512,3)
208_s003 100 (512,512,3)
208_s004 100 (512,512,3)
208_s005 100 (512,512,3)
208_s006 100 (512,512,3)
208_s007 100 (512,512,3)
208_s008 100 (512,512,3)
209_s001 100 (512,512,3)
209_s002 100 (512,512,3)
209_s003 100 (512,512,3)
209_s004 100 (512,512,3)
209_s005 100 (512,512,3)
209_s006 100 (512,512,3)
209_s007 100 (512,512,3)
209_s008 100 (512,512,3)
210_s001 100 (512,512,3)
210_s002 100 (512,512,3)
210_s003 100 (512,512,3)
210_s004 100 (512,512,3)
210_s005 100 (512,512,3)
210_s006 100 (512,512,3)
210_s007 100 (512,512,3)
210_s008 100 (512,512,3)
211_s001 100 (512,512,3)
211_s002 100 (512,512,3)
211_s003 100 (512,512,3)
211_s004 100 (512,512,3)
211_s005 100 (512,512,3)
211_s006 100 (512,512,3)
211_s007 100 (512,512,3)
211_s008 100 (512,512,3)
212_s001 100 (512,512,3)
212_s002 100 (512,512,3)
212_s003 100 (512,512,3)
212_s004 100 (512,512,3)
212_s005 100 (512,512,3)
212_s006 100 (512,512,3)
212_s007 100 (512,512,3)
212_s008 100 (512,512,3)
213_s001 100 (512,512,3)
213_s002 100 (512,512,3)
213_s003 100 (512,512,3)
213_s004 100 (512,512,3)
213_s005 100 (512,512,3)
213_s006 100 (512,512,3)
213_s007 100 (512,512,3)
213_s008 100 (512,512,3)
214_s001 100 (512,512,3)
214_s002 100 (512,512,3)
214_s003 100 (512,512,3)
214_s004 100 (512,512,3)
214_s005 100 (512,512,3)
214_s006 100 (512,512,3)
214_s007 100 (512,512,3)
214_s008 100 (512,512,3)
215_s001 100 (512,512,3)
215_s002 100 (512,512,3)
215_s003 100 (512,512,3)
215_s004 100 (512,512,3)
215_s005 100 (512,512,3)
215_s006 100 (512,512,3)
215_s007 100 (512,512,3)
215_s008 100 (512,512,3)
216_s001 100 (512,512,3)
216_s002 100 (512,512,3)
216_s003 100 (512,512,3)
216_s004 100 (512,512,3)
216_s005 100 (512,512,3)
216_s006 100 (512,512,3)
216_s007 100 (512,512,3)
216_s008 100 (512,512,3)
217_s001 100 (512,512,3)
217_s002 100 (512,512,3)
217_s003 100 (512,512,3)
217_s004 100 (512,512,3)
217_s005 100 (512,512,3)
217_s006 100 (512,512,3)
217_s007 100 (512,512,3)
217_s008 100 (512,512,3)
218_s001 100 (512,512,3)
218_s002 100 (512,512,3)
218_s003 100 (512,512,3)
218_s004 100 (512,512,3)
218_s005 100 (512,512,3)
218_s006 100 (512,512,3)
218_s007 100 (512,512,3)
218_s008 100 (512,512,3)
219_s001 100 (512,512,3)
219_s002 100 (512,512,3)
219_s003 100 (512,512,3)
219_s004 100 (512,512,3)
219_s005 100 (512,512,3)
219_s006 100 (512,512,3)
219_s007 100 (512,512,3)
219_s008 100 (512,512,3)
220_s001 100 (512,512,3)
220_s002 100 (512,512,3)
220_s003 100 (512,512,3)
220_s004 100 (512,512,3)
220_s005 100 (512,512,3)
220_s006 100 (512,512,3)
220_s007 100 (512,512,3)
220_s008 100 (512,512,3)
221_s001 100 (512,512,3)
221_s002 100 (512,512,3)
221_s003 100 (512,512,3)
221_s004 100 (512,512,3)
221_s005 100 (512,512,3)
221_s006 100 (512,512,3)
221_s007 100 (512,512,3)
221_s008 100 (512,512,3)
222_s001 100 (512,512,3)
222_s002 100 (512,512,3)
222_s003 100 (512,512,3)
222_s004 100 (512,512,3)
222_s005 100 (512,512,3)
222_s006 100 (512,512,3)
222_s007 100 (512,512,3)
222_s008 100 (512,512,3)
223_s001 100 (512,512,3)
223_s002 100 (512,512,3)
223_s003 100 (512,512,3)
223_s004 100 (512,512,3)
223_s005 100 (512,512,3)
223_s006 100 (512,512,3)
223_s007 100 (512,512,3)
223_s008 100 (512,512,3)
224_s001 100 (512,512,3)
224_s002 100 (512,512,3)
224_s003 100 (512,512,3)
224_s004 100 (512,512,3)
224_s005 100 (512,512,3)
224_s006 100 (512,512,3)
224_s007 100 (512,512,3)
224_s008 100 (512,512,3)
225_s001 100 (512,512,3)
225_s002 100 (512,512,3)
225_s003 100 (512,512,3)
225_s004 100 (512,512,3)
225_s005 100 (512,512,3)
225_s006 100 (512,512,3)
225_s007 100 (512,512,3)
225_s008 100 (512,512,3)
226_s001 100 (512,512,3)
226_s002 100 (512,512,3)
226_s003 100 (512,512,3)
226_s004 100 (512,512,3)
226_s005 100 (512,512,3)
226_s006 100 (512,512,3)
226_s007 100 (512,512,3)
226_s008 100 (512,512,3)
227_s001 100 (512,512,3)
227_s002 100 (512,512,3)
227_s003 100 (512,512,3)
227_s004 100 (512,512,3)
227_s005 100 (512,512,3)
227_s006 100 (512,512,3)
227_s007 100 (512,512,3)
227_s008 100 (512,512,3)
228_s001 100 (512,512,3)
228_s002 100 (512,512,3)
228_s003 100 (512,512,3)
228_s004 100 (512,512,3)
228_s005 100 (512,512,3)
228_s006 100 (512,512,3)
228_s007 100 (512,512,3)
228_s008 100 (512,512,3)
229_s001 100 (512,512,3)
229_s002 100 (512,512,3)
229_s003 100 (512,512,3)
229_s004 100 (512,512,3)
229_s005 100 (512,512,3)
229_s006 100 (512,512,3)
229_s007 100 (512,512,3)
229_s008 100 (512,512,3)
230_s001 100 (512,512,3)
230_s002 100 (512,512,3)
230_s003 100 (512,512,3)
230_s004 100 (512,512,3)
230_s005 100 (512,512,3)
230_s006 100 (512,512,3)
230_s007 100 (512,512,3)
230_s008 100 (512,512,3)
231_s001 100 (512,512,3)
231_s002 100 (512,512,3)
231_s003 100 (512,512,3)
231_s004 100 (512,512,3)
231_s005 100 (512,512,3)
231_s006 100 (512,512,3)
231_s007 100 (512,512,3)
231_s008 100 (512,512,3)
232_s001 100 (512,512,3)
232_s002 100 (512,512,3)
232_s003 100 (512,512,3)
232_s004 100 (512,512,3)
232_s005 100 (512,512,3)
232_s006 100 (512,512,3)
232_s007 100 (512,512,3)
232_s008 100 (512,512,3)
233_s001 100 (512,512,3)
233_s002 100 (512,512,3)
233_s003 100 (512,512,3)
233_s004 100 (512,512,3)
233_s005 100 (512,512,3)
233_s006 100 (512,512,3)
233_s007 100 (512,512,3)
233_s008 100 (512,512,3)
234_s001 100 (512,512,3)
234_s002 100 (512,512,3)
234_s003 100 (512,512,3)
234_s004 100 (512,512,3)
234_s005 100 (512,512,3)
234_s006 100 (512,512,3)
234_s007 100 (512,512,3)
234_s008 100 (512,512,3)
235_s001 100 (512,512,3)
235_s002 100 (512,512,3)
235_s003 100 (512,512,3)
235_s004 100 (512,512,3)
235_s005 100 (512,512,3)
235_s006 100 (512,512,3)
235_s007 100 (512,512,3)
235_s008 100 (512,512,3)
236_s001 100 (512,512,3)
236_s002 100 (512,512,3)
236_s003 100 (512,512,3)
236_s004 100 (512,512,3)
236_s005 100 (512,512,3)
236_s006 100 (512,512,3)
236_s007 100 (512,512,3)
236_s008 100 (512,512,3)
237_s001 100 (512,512,3)
237_s002 100 (512,512,3)
237_s003 100 (512,512,3)
237_s004 100 (512,512,3)
237_s005 100 (512,512,3)
237_s006 100 (512,512,3)
237_s007 100 (512,512,3)
237_s008 100 (512,512,3)
238_s001 100 (512,512,3)
238_s002 100 (512,512,3)
238_s003 100 (512,512,3)
238_s004 100 (512,512,3)
238_s005 100 (512,512,3)
238_s006 100 (512,512,3)
238_s007 100 (512,512,3)
238_s008 100 (512,512,3)
239_s001 100 (512,512,3)
239_s002 100 (512,512,3)
239_s003 100 (512,512,3)
239_s004 100 (512,512,3)
239_s005 100 (512,512,3)
239_s006 100 (512,512,3)
239_s007 100 (512,512,3)
239_s008 100 (512,512,3)
240_s001 100 (512,512,3)
240_s002 100 (512,512,3)
240_s003 100 (512,512,3)
240_s004 100 (512,512,3)
240_s005 100 (512,512,3)
240_s006 100 (512,512,3)
240_s007 100 (512,512,3)
240_s008 100 (512,512,3)
241_s001 100 (512,512,3)
241_s002 100 (512,512,3)
241_s003 100 (512,512,3)
241_s004 100 (512,512,3)
241_s005 100 (512,512,3)
241_s006 100 (512,512,3)
241_s007 100 (512,512,3)
241_s008 100 (512,512,3)
242_s001 100 (512,512,3)
242_s002 100 (512,512,3)
242_s003 100 (512,512,3)
242_s004 100 (512,512,3)
242_s005 100 (512,512,3)
242_s006 100 (512,512,3)
242_s007 100 (512,512,3)
242_s008 100 (512,512,3)
243_s001 100 (512,512,3)
243_s002 100 (512,512,3)
243_s003 100 (512,512,3)
243_s004 100 (512,512,3)
243_s005 100 (512,512,3)
243_s006 100 (512,512,3)
243_s007 100 (512,512,3)
243_s008 100 (512,512,3)
244_s001 100 (512,512,3)
244_s002 100 (512,512,3)
244_s003 100 (512,512,3)
244_s004 100 (512,512,3)
244_s005 100 (512,512,3)
244_s006 100 (512,512,3)
244_s007 100 (512,512,3)
244_s008 100 (512,512,3)
245_s001 100 (512,512,3)
245_s002 100 (512,512,3)
245_s003 100 (512,512,3)
245_s004 100 (512,512,3)
245_s005 100 (512,512,3)
245_s006 100 (512,512,3)
245_s007 100 (512,512,3)
245_s008 100 (512,512,3)
246_s001 100 (512,512,3)
246_s002 100 (512,512,3)
246_s003 100 (512,512,3)
246_s004 100 (512,512,3)
246_s005 100 (512,512,3)
246_s006 100 (512,512,3)
246_s007 100 (512,512,3)
246_s008 100 (512,512,3)
247_s001 100 (512,512,3)
247_s002 100 (512,512,3)
247_s003 100 (512,512,3)
247_s004 100 (512,512,3)
247_s005 100 (512,512,3)
247_s006 100 (512,512,3)
247_s007 100 (512,512,3)
247_s008 100 (512,512,3)
248_s001 100 (512,512,3)
248_s002 100 (512,512,3)
248_s003 100 (512,512,3)
248_s004 100 (512,512,3)
248_s005 100 (512,512,3)
248_s006 100 (512,512,3)
248_s007 100 (512,512,3)
248_s008 100 (512,512,3)
249_s001 100 (512,512,3)
249_s002 100 (512,512,3)
249_s003 100 (512,512,3)
249_s004 100 (512,512,3)
249_s005 100 (512,512,3)
249_s006 100 (512,512,3)
249_s007 100 (512,512,3)
249_s008 100 (512,512,3)
250_s001 100 (512,512,3)
250_s002 100 (512,512,3)
250_s003 100 (512,512,3)
250_s004 100 (512,512,3)
250_s005 100 (512,512,3)
250_s006 100 (512,512,3)
250_s007 100 (512,512,3)
250_s008 100 (512,512,3)
251_s001 100 (512,512,3)
251_s002 100 (512,512,3)
251_s003 100 (512,512,3)
251_s004 100 (512,512,3)
251_s005 100 (512,512,3)
251_s006 100 (512,512,3)
251_s007 100 (512,512,3)
251_s008 100 (512,512,3)
252_s001 100 (512,512,3)
252_s002 100 (512,512,3)
252_s003 100 (512,512,3)
252_s004 100 (512,512,3)
252_s005 100 (512,512,3)
252_s006 100 (512,512,3)
252_s007 100 (512,512,3)
252_s008 100 (512,512,3)
253_s001 100 (512,512,3)
253_s002 100 (512,512,3)
253_s003 100 (512,512,3)
253_s004 100 (512,512,3)
253_s005 100 (512,512,3)
253_s006 100 (512,512,3)
253_s007 100 (512,512,3)
253_s008 100 (512,512,3)
254_s001 100 (512,512,3)
254_s002 100 (512,512,3)
254_s003 100 (512,512,3)
254_s004 100 (512,512,3)
254_s005 100 (512,512,3)
254_s006 100 (512,512,3)
254_s007 100 (512,512,3)
254_s008 100 (512,512,3)
255_s001 100 (512,512,3)
255_s002 100 (512,512,3)
255_s003 100 (512,512,3)
255_s004 100 (512,512,3)
255_s005 100 (512,512,3)
255_s006 100 (512,512,3)
255_s007 100 (512,512,3)
255_s008 100 (512,512,3)
256_s001 100 (512,512,3)
256_s002 100 (512,512,3)
256_s003 100 (512,512,3)
256_s004 100 (512,512,3)
256_s005 100 (512,512,3)
256_s006 100 (512,512,3)
256_s007 100 (512,512,3)
256_s008 100 (512,512,3)
257_s001 100 (512,512,3)
257_s002 100 (512,512,3)
257_s003 100 (512,512,3)
257_s004 100 (512,512,3)
257_s005 100 (512,512,3)
257_s006 100 (512,512,3)
257_s007 100 (512,512,3)
257_s008 100 (512,512,3)
258_s001 100 (512,512,3)
258_s002 100 (512,512,3)
258_s003 100 (512,512,3)
258_s004 100 (512,512,3)
258_s005 100 (512,512,3)
258_s006 100 (512,512,3)
258_s007 100 (512,512,3)
258_s008 100 (512,512,3)
259_s001 100 (512,512,3)
259_s002 100 (512,512,3)
259_s003 100 (512,512,3)
259_s004 100 (512,512,3)
259_s005 100 (512,512,3)
259_s006 100 (512,512,3)
259_s007 100 (512,512,3)
259_s008 100 (512,512,3)
260_s001 100 (512,512,3)
260_s002 100 (512,512,3)
260_s003 100 (512,512,3)
260_s004 100 (512,512,3)
260_s005 100 (512,512,3)
260_s006 100 (512,512,3)
260_s007 100 (512,512,3)
260_s008 100 (512,512,3)
261_s001 100 (512,512,3)
261_s002 100 (512,512,3)
261_s003 100 (512,512,3)
261_s004 100 (512,512,3)
261_s005 100 (512,512,3)
261_s006 100 (512,512,3)
261_s007 100 (512,512,3)
261_s008 100 (512,512,3)
262_s001 100 (512,512,3)
262_s002 100 (512,512,3)
262_s003 100 (512,512,3)
262_s004 100 (512,512,3)
262_s005 100 (512,512,3)
262_s006 100 (512,512,3)
262_s007 100 (512,512,3)
262_s008 100 (512,512,3)
263_s001 100 (512,512,3)
263_s002 100 (512,512,3)
263_s003 100 (512,512,3)
263_s004 100 (512,512,3)
263_s005 100 (512,512,3)
263_s006 100 (512,512,3)
263_s007 100 (512,512,3)
263_s008 100 (512,512,3)
264_s001 100 (512,512,3)
264_s002 100 (512,512,3)
264_s003 100 (512,512,3)
264_s004 100 (512,512,3)
264_s005 100 (512,512,3)
264_s006 100 (512,512,3)
264_s007 100 (512,512,3)
264_s008 100 (512,512,3)
265_s001 100 (512,512,3)
265_s002 100 (512,512,3)
265_s003 100 (512,512,3)
265_s004 100 (512,512,3)
265_s005 100 (512,512,3)
265_s006 100 (512,512,3)
265_s007 100 (512,512,3)
265_s008 100 (512,512,3)
266_s001 100 (512,512,3)
266_s002 100 (512,512,3)
266_s003 100 (512,512,3)
266_s004 100 (512,512,3)
266_s005 100 (512,512,3)
266_s006 100 (512,512,3)
266_s007 100 (512,512,3)
266_s008 100 (512,512,3)
267_s001 100 (512,512,3)
267_s002 100 (512,512,3)
267_s003 100 (512,512,3)
267_s004 100 (512,512,3)
267_s005 100 (512,512,3)
267_s006 100 (512,512,3)
267_s007 100 (512,512,3)
267_s008 100 (512,512,3)
268_s001 100 (512,512,3)
268_s002 100 (512,512,3)
268_s003 100 (512,512,3)
268_s004 100 (512,512,3)
268_s005 100 (512,512,3)
268_s006 100 (512,512,3)
268_s007 100 (512,512,3)
268_s008 100 (512,512,3)
269_s001 100 (512,512,3)
269_s002 100 (512,512,3)
269_s003 100 (512,512,3)
269_s004 100 (512,512,3)
269_s005 100 (512,512,3)
269_s006 100 (512,512,3)
269_s007 100 (512,512,3)
269_s008 100 (512,512,3)
