000 064 (544,960,3)
001 064 (544,960,3)
002 064 (544,960,3)
003 064 (544,960,3)
004 064 (544,960,3)
005 064 (544,960,3)
006 064 (544,960,3)
007 064 (544,960,3)
008 064 (544,960,3)
009 064 (544,960,3)
010 064 (544,960,3)
011 064 (544,960,3)
012 064 (544,960,3)
013 064 (544,960,3)
014 064 (544,960,3)
015 064 (544,960,3)
016 064 (544,960,3)
017 064 (544,960,3)
018 064 (544,960,3)
019 064 (544,960,3)
020 064 (544,960,3)
021 064 (544,960,3)
022 064 (544,960,3)
023 064 (544,960,3)
024 064 (544,960,3)
025 064 (544,960,3)
026 064 (544,960,3)
027 064 (544,960,3)
028 064 (544,960,3)
029 064 (544,960,3)
030 064 (544,960,3)
031 064 (544,960,3)
032 064 (544,960,3)
033 064 (544,960,3)
034 064 (544,960,3)
035 064 (544,960,3)
036 064 (544,960,3)
037 064 (544,960,3)
038 064 (544,960,3)
039 064 (544,960,3)
040 064 (544,960,3)
041 064 (544,960,3)
042 064 (544,960,3)
043 064 (544,960,3)
044 064 (544,960,3)
045 064 (544,960,3)
046 064 (544,960,3)
047 064 (544,960,3)
048 064 (544,960,3)
049 064 (544,960,3)
050 064 (544,960,3)
051 064 (544,960,3)
052 064 (544,960,3)
053 064 (544,960,3)
054 064 (544,960,3)
055 064 (544,960,3)
056 064 (544,960,3)
057 064 (544,960,3)
058 064 (544,960,3)
059 064 (544,960,3)
060 064 (544,960,3)
061 064 (544,960,3)
062 064 (544,960,3)
063 064 (544,960,3)
064 064 (544,960,3)
065 064 (544,960,3)
066 064 (544,960,3)
067 064 (544,960,3)
068 064 (544,960,3)
069 064 (544,960,3)
070 064 (544,960,3)
071 064 (544,960,3)
072 064 (544,960,3)
073 064 (544,960,3)
074 064 (544,960,3)
075 064 (544,960,3)
076 064 (544,960,3)
077 064 (544,960,3)
078 064 (544,960,3)
079 064 (544,960,3)
080 064 (544,960,3)
081 064 (544,960,3)
082 064 (544,960,3)
083 064 (544,960,3)
084 064 (544,960,3)
085 064 (544,960,3)
086 064 (544,960,3)
087 064 (544,960,3)
088 064 (544,960,3)
089 064 (544,960,3)
090 064 (544,960,3)
091 064 (544,960,3)
092 064 (544,960,3)
093 064 (544,960,3)
094 064 (544,960,3)
095 064 (544,960,3)
096 064 (544,960,3)
097 064 (544,960,3)
098 064 (544,960,3)
099 064 (544,960,3)
100 064 (544,960,3)
101 064 (544,960,3)
102 064 (544,960,3)
103 064 (544,960,3)
104 064 (544,960,3)
105 064 (544,960,3)
106 064 (544,960,3)
107 064 (544,960,3)
108 064 (544,960,3)
109 064 (544,960,3)
110 064 (544,960,3)
111 064 (544,960,3)
112 064 (544,960,3)
113 064 (544,960,3)
114 064 (544,960,3)
115 064 (544,960,3)
116 064 (544,960,3)
117 064 (544,960,3)
118 064 (544,960,3)
119 064 (544,960,3)
120 064 (544,960,3)
121 064 (544,960,3)
122 064 (544,960,3)
123 064 (544,960,3)
124 064 (544,960,3)
125 064 (544,960,3)
126 064 (544,960,3)
127 064 (544,960,3)
128 064 (544,960,3)
129 064 (544,960,3)
130 064 (544,960,3)
131 064 (544,960,3)
132 064 (544,960,3)
133 064 (544,960,3)
134 064 (544,960,3)
135 064 (544,960,3)
136 064 (544,960,3)
137 064 (544,960,3)
138 064 (544,960,3)
139 064 (544,960,3)
140 064 (544,960,3)
141 064 (544,960,3)
142 064 (544,960,3)
143 064 (544,960,3)
144 064 (544,960,3)
145 064 (544,960,3)
146 064 (544,960,3)
147 064 (544,960,3)
148 064 (544,960,3)
149 064 (544,960,3)
150 064 (544,960,3)
151 064 (544,960,3)
152 064 (544,960,3)
153 064 (544,960,3)
154 064 (544,960,3)
155 064 (544,960,3)
156 064 (544,960,3)
157 064 (544,960,3)
158 064 (544,960,3)
159 064 (544,960,3)
160 064 (544,960,3)
161 064 (544,960,3)
162 064 (544,960,3)
163 064 (544,960,3)
164 064 (544,960,3)
165 064 (544,960,3)
166 064 (544,960,3)
167 064 (544,960,3)
168 064 (544,960,3)
169 064 (544,960,3)
170 064 (544,960,3)
171 064 (544,960,3)
172 064 (544,960,3)
173 064 (544,960,3)
174 064 (544,960,3)
175 064 (544,960,3)
176 064 (544,960,3)
177 064 (544,960,3)
178 064 (544,960,3)
179 064 (544,960,3)
180 064 (544,960,3)
181 064 (544,960,3)
182 064 (544,960,3)
183 064 (544,960,3)
184 064 (544,960,3)
185 064 (544,960,3)
186 064 (544,960,3)
187 064 (544,960,3)
188 064 (544,960,3)
189 064 (544,960,3)
190 064 (544,960,3)
191 064 (544,960,3)
192 064 (544,960,3)
193 064 (544,960,3)
194 064 (544,960,3)
195 064 (544,960,3)
196 064 (544,960,3)
197 064 (544,960,3)
198 064 (544,960,3)
199 064 (544,960,3)
